00100000000000000000000000001010
00000011111111111111100000000001
00011111101111101111111111111011
00010111101000001111111111111111
00010111101000011111111111111111
00000000000000010001000000000001
00010111101110111111111111111010
00011100010110110000000000000010
00010111101111101111111111111011
00000011110111111111100000001010
00000011111111111111100000000001
00010011111111010000000000000110
00000011101111111110100000000001
00010011111111000000000000000101
00000011100111111110000000000001
00000111111110100000111110100000
00000111100111000000000000000001
00010011111000110000000000000011
00011111010000110000000000000000
00010011111001000000000000000100
00011111010001000000000000000001
